: andrew scott 
subject : usenet hockey draft week 26 price list 
organization : hewlett-packard , telecommunications division 
lines : 264 
price list week april 6 april 12 . 
- andrew 
buy sell pt team player 
157.5 141.8 150 pit 
152.1 136.9 143 buf 
139.3 125.4 131 bo 
133.8 120.4 129 det 
132.9 119.6 125 wpg 
132.9 119.6 125 tor 
130.9 117.8 120 
129.7 116.7 122 buf 
126.0 113.4 117 phi 
120.2 108.2 113 la 
115.9 104.3 109 que 
111.3 100.2 106 pit 
108.5 97.7 102 stl 
108.5 97.7 102 van 
106.3 95.7 100 chus 
105.3 94.8 99 que 
104.0 93.6 99 pit 
103.1 92.8 97 stl 
102.1 91.9 96 bo 
102.1 91.9 96 tor 
101.9 91.7 97 pit 
99.8 89.8 95 mtl 
98.9 89.0 93 min 
98.9 89.0 93 wpg 
98.9 89.0 93 
97.8 88.0 92 buf 
97.7 87.9 93 mtl 
96.0 86.4 88 nyr 
94.6 85.1 89 stl 
94.4 85.0 91 det 
91.4 82.3 86 la 
91.4 82.3 87 pit 
90.3 81.3 86 mtl 
88.3 79.5 82 wsh 
87.3 78.6 80 hfd 
87.2 78.5 82 
87.2 78.5 82 que 
87.1 78.4 84 det 
86.1 77.5 83 det 
85.1 76.6 79 tb 
85.1 76.6 79 phi ` amour 
85.1 76.6 81 pit 
84.0 75.6 77 hfd 
84.0 75.6 77 hfd 
84.0 75.6 79 la 
84.0 75.6 78 wsh 
84.0 75.6 77 nyi 
83.0 74.7 79 mtl 
81.8 73.6 76 wsh 
80.8 72.7 76 que 
80.8 72.7 76 bo 
78.6 70.7 73 wsh 
77.7 69.9 74 sj 
77.6 69.8 73 van 
77.6 69.8 73 stl 
77.6 69.8 73 tor 
76.6 68.9 72 nj 
76.6 68.9 72 min 
76.6 68.9 72 min 
76.4 68.8 70 nyr 
75.5 68.0 71 van 
75.5 68.0 71 la 
75.5 68.0 71 
75.5 68.0 71 min 
74.4 67.0 70 van 
74.4 67.0 70 bo 
74.3 66.9 69 wsh 
74.2 66.8 68 nyi 
74.2 66.8 68 
73.4 66.1 69 que 
73.4 66.1 69 chus 
73.4 66.1 69 nj 
73.1 65.8 67 nyr 
72.3 65.1 68 stl 
72.3 65.1 68 chus 
72.2 65.0 67 phi 
71.1 64.0 66 wsh 
70.2 63.2 66 van 
70.2 63.2 66 la 
70.0 63.0 65 wsh 
69.3 62.4 66 pit 
69.1 62.2 65 
69.1 62.2 65 nj 
68.1 61.3 64 wpg 
68.1 61.3 64 wpg 
68.1 61.3 64 que 
68.1 61.3 64 van 
66.5 59.9 61 nyr 
66.5 59.9 61 hfd 
66.4 59.8 64 det 
64.9 58.4 61 tor 
64.1 57.7 61 sj 
63.8 57.4 60 ott 
63.0 56.7 60 mtl 
63.0 56.7 60 pit 
62.7 56.4 59 la 
62.7 56.4 59 la 
62.5 56.3 58 phi 
62.5 56.3 58 phi 
61.1 55.0 56 nyi 
60.6 54.5 57 
60.6 54.5 57 nj 
60.1 54.1 58 det 
59.5 53.6 56 chus 
59.5 53.6 56 que 
59.1 53.2 57 det 
58.9 53.0 54 nyr 
58.5 52.7 55 nj 
58.2 52.4 54 wsh 
58.2 52.4 54 tb 
58.2 52.4 54 phi 
57.4 51.7 54 van 
56.4 50.8 53 wpg 
55.6 50.0 51 nyr 
55.3 49.8 52 nj 
55.0 48.8 51 chus 
55.0 48.8 51 van 
55.0 48.8 51 wpg 
55.0 48.2 49 nyr 
55.0 47.9 50 wpg 
55.0 47.2 48 
55.0 46.9 49 tor 
55.0 46.9 49 van 
55.0 46.9 49 
55.0 46.9 49 bo 
55.0 45.9 48 chus 
55.0 45.4 48 mtl 
55.0 45.2 46 hfd 
55.0 45.0 47 nj 
55.0 44.6 46 wsh 
55.0 44.0 46 edm 
55.0 44.0 46 edm 
55.0 44.0 46 la 
55.0 44.0 46 edm 
55.0 43.5 46 mtl 
55.0 43.2 44 nyi 
55.0 43.0 45 bo 
55.0 43.0 45 stl 
55.0 43.0 45 la 
55.0 43.0 45 que 
55.0 43.0 45 wpg 
55.0 42.7 44 wsh 
55.0 42.1 44 edm 
55.0 42.1 44 edm 
55.0 41.2 42 hfd 
55.0 41.1 43 chus 
55.0 40.7 42 phi 
55.0 40.2 42 min 
55.0 39.7 42 mtl 
55.0 39.2 41 
55.0 39.2 41 edm 
55.0 39.2 41 bo 
55.0 39.2 41 ott 
55.0 37.4 39 tor 
55.0 37.4 40 det 
55.0 37.4 40 det 
55.0 36.4 38 nj 
55.0 36.4 37 nyr 
55.0 36.4 38 ott 
55.0 36.4 38 tor 
55.0 36.4 38 buf 
55.0 35.4 37 van 
55.0 35.4 37 ott 
55.0 35.4 36 nyr 
55.0 35.4 37 nj 
55.0 34.5 36 tor 
55.0 34.5 36 min 
55.0 34.4 35 nyr 
55.0 33.9 35 tb 
55.0 33.5 35 edm 
55.0 32.6 34 la 
55.0 32.6 34 chus 
55.0 31.6 33 tor 
55.0 30.6 32 bo 
55.0 30.6 32 que 
55.0 30.2 32 mtl 
55.0 29.9 32 det 
55.0 29.7 31 buf 
55.0 29.7 31 min 
55.0 29.7 31 bo 
55.0 29.1 30 phi 
55.0 28.7 30 chus 
55.0 28.7 30 buf 
55.0 28.7 30 tor 
55.0 28.4 29 
55.0 27.2 28 phi 
55.0 26.8 28 chus 
55.0 26.8 28 edm 
55.0 26.5 28 sj 
55.0 25.8 27 stl 
55.0 25.6 26 nyr 
55.0 24.8 26 buf 
55.0 23.9 25 ott 
55.0 23.2 24 tb 
55.0 22.6 23 nyi 
55.0 22.1 23 edm 
55.0 21.3 22 wsh 
55.0 21.1 22 tor 
55.0 21.1 22 wpg 
55.0 20.8 22 mtl 
55.0 20.6 21 nyi 
55.0 20.6 21 hfd 
55.0 20.1 21 min 
55.0 19.6 20 nyr 
55.0 19.6 20 nyi 
55.0 18.6 19 hfd 
55.0 18.2 19 edm 
55.0 17.7 19 det 
55.0 17.6 18 
55.0 17.5 18 phi 
55.0 17.2 18 buf 
55.0 15.5 16 tb 
55.0 15.1 16 sj 
55.0 14.2 15 pit 
55.0 12.4 13 nj 
55.0 12.4 13 ott 
55.0 11.5 12 chus 
55.0 10.8 11 nyr 
55.0 10.6 11 tb 
55.0 10.5 11 bo 
55.0 9.5 10 min 
55.0 9.5 10 sj 
55.0 8.8 9 hfd 
55.0 8.6 9 buf 
55.0 7.7 8 que 
55.0 7.7 8 tor 
55.0 7.6 8 sj 
55.0 6.7 7 chus 
55.0 6.7 7 bo 
55.0 5.9 6 hfd 
55.0 4.9 5 wsh 
55.0 4.8 5 stl 
55.0 4.8 5 la 
55.0 4.8 5 edm 
55.0 3.9 4 bo 
55.0 3.9 4 min 
55.0 3.8 4 pit 
55.0 3.7 4 det 
55.0 2.9 3 tb 
55.0 2.9 3 min 
55.0 2.9 3 mtl 
55.0 2.0 2 wsh 
55.0 1.9 2 nj 
55.0 0.0 0 van 
55.0 0.0 0 tb 
55.0 0.0 0 ott 
55.0 0.0 0 que 
55.0 0.0 0 edm 
55.0 0.0 0 wsh 
55.0 0.0 0 wsh 
55.0 0.0 0 mtl 
55.0 0.0 0 
55.0 0.0 0 chus 
55.0 0.0 0 buf 
-- 
andrew scott | 
hp telecom operation | ext. 253 
roman era , 28 consider old ... 
